   2.2700000e+02   4.4000000e+01
   2.2700000e+02   5.0000000e+01
   2.2613793e+02   5.0749027e+01
   2.2503448e+02   5.1682879e+01
   2.2393103e+02   5.2441634e+01
   2.2324138e+02   5.2791829e+01
   2.2186207e+02   5.3200389e+01
   2.2131034e+02   5.3433852e+01
   2.1400000e+02   5.3433852e+01
   2.1179310e+02   5.3492218e+01
   2.0862069e+02   5.3433852e+01
   2.0696552e+02   5.3433852e+01
   2.0544828e+02   5.2908560e+01
   2.0365517e+02   5.2208171e+01
   2.0103448e+02   5.1099222e+01
   1.9993103e+02   5.0515564e+01
   1.9786207e+02   5.0000000e+01
   1.9593103e+02   4.9114786e+01
   1.9482759e+02   4.8531128e+01
   1.9317241e+02   4.8005837e+01
   1.9110345e+02   4.7597276e+01
   1.8848276e+02   4.6955253e+01
   1.8572414e+02   4.6546693e+01
   1.8241379e+02   4.6488327e+01
   1.8006897e+02   4.6546693e+01
   1.7427586e+02   4.7013619e+01
   1.7082759e+02   4.7830739e+01
   1.6434483e+02   4.9348249e+01
   1.5965517e+02   5.0924125e+01
   1.5813793e+02   5.1916342e+01
   1.5717241e+02   5.3550584e+01
   1.5896552e+02   5.6293774e+01
   1.6020690e+02   5.7811284e+01
   1.6172414e+02   5.9328794e+01
   1.6337931e+02   6.0496109e+01
   1.6558621e+02   6.0787938e+01
   1.6682759e+02   6.1488327e+01
   1.6944828e+02   6.3414397e+01
   1.7275862e+02   6.5048638e+01
   1.7786207e+02   6.7208171e+01
   1.8117241e+02   6.8083658e+01
   1.8351724e+02   6.9017510e+01
   1.8710345e+02   6.9717899e+01
   1.8889655e+02   7.0359922e+01
   1.9082759e+02   7.1001946e+01
   1.9372414e+02   7.1527237e+01
   1.9606897e+02   7.2052529e+01
   1.9800000e+02   7.2519455e+01
   1.9979310e+02   7.2811284e+01
   2.0172414e+02   7.2986381e+01
   2.0393103e+02   7.3103113e+01
   2.0627586e+02   7.3161479e+01
   2.0972414e+02   7.3044747e+01
   2.1179310e+02   7.2811284e+01
   2.1468966e+02   7.2694553e+01
   2.1772414e+02   7.2402724e+01
   2.2048276e+02   7.2227626e+01
   2.2365517e+02   7.1702335e+01
   2.2475862e+02   7.1352140e+01
   2.2613793e+02   7.0418288e+01
   2.2627586e+02   6.9367704e+01
   2.2627586e+02   6.8317121e+01
   2.2655172e+02   6.5573930e+01
   2.2627586e+02   6.3647860e+01
   2.2600000e+02   6.1429961e+01
   2.2751724e+02   5.9036965e+01
   2.3110345e+02   5.5126459e+01
   2.3344828e+02   5.2149805e+01
   2.3731034e+02   4.8531128e+01
   2.3772414e+02   4.7188716e+01
   2.3800000e+02   4.5554475e+01
   2.3813793e+02   4.4000000e+01
   2.2700000e+02   4.4000000e+01
