   2.3055077e+02   5.0000000e+01
   2.3096897e+02   4.8973364e+01
   2.3163112e+02   4.8375099e+01
   2.3232812e+02   4.7717008e+01
   2.3299027e+02   4.7477702e+01
   2.3368727e+02   4.6640131e+01
   2.3389637e+02   4.5802561e+01
   2.3403577e+02   4.5084643e+01
   2.3386152e+02   4.4187246e+01
   2.3358272e+02   4.3110369e+01
   2.3340847e+02   4.1913840e+01
   2.3354787e+02   4.1315575e+01
   2.3386152e+02   4.0956616e+01
   2.3386152e+02   4.0298525e+01
   2.3396607e+02   3.9520781e+01
   2.3417517e+02   3.8862689e+01
   2.3441912e+02   3.7905466e+01
   2.3483732e+02   3.7187548e+01
   2.3560401e+02   3.6230325e+01
   2.3591766e+02   3.5632060e+01
   2.3633586e+02   3.4854316e+01
   2.3685861e+02   3.4076571e+01
   2.3727681e+02   3.3418480e+01
   2.3779956e+02   3.2999695e+01
   2.3832231e+02   3.2341604e+01
   2.3891476e+02   3.2162124e+01
   2.3936781e+02   3.1862992e+01
   2.3975116e+02   3.1743339e+01
   2.4013450e+02   3.1504033e+01
   2.4062240e+02   3.0965595e+01
   2.4083150e+02   3.0786115e+01
   2.4107545e+02   3.0427156e+01
   2.4135425e+02   2.9948545e+01
   2.4173760e+02   2.9589586e+01
   2.4250430e+02   2.9649412e+01
   2.4334070e+02   2.9649412e+01
   2.4375890e+02   2.9769065e+01
   2.4375890e+02   3.1743339e+01
   2.4246945e+02   3.6409804e+01
   2.3926326e+02   4.4785511e+01
   2.3668436e+02   4.7896487e+01
   2.3605706e+02   4.8734058e+01
   2.3511611e+02   4.9392149e+01
   2.3396607e+02   5.0000000e+01
   2.3055077e+02   5.0000000e+01
